#Time	LowerQ	Median	UpperQ	Lines
0	11200	56000	129000	1000
0.0046	11200	56000	129000	1000
0.0267	11600	56000	129000	1000
7.3	11700	56500	129000	1000
8.64	11800	56800	129000	1000
9.07	11800	56800	129000	1000
11.2	12200	56800	129000	1000
14.7	12300	56800	129000	1000
17.8	12400	56800	129000	1000
20.2	12400	56800	129000	1000
26.5	12400	56800	129000	1000
27.7	12400	56800	129000	1000
28.4	12400	56800	129000	1000
33.4	12500	56800	129000	1000
37	12600	56800	129000	1000
46.7	12600	56800	129000	1000
47.3	12600	56800	129000	1000
54.9	12700	56800	129000	1000
56.8	12700	56800	129000	1000
62.9	12700	56800	129000	1000
67.2	12700	56800	129000	1000
70.8	12700	56800	129000	1000
82.5	12800	56800	129000	1000
83.1	12900	57600	129000	1000
113	12900	57600	129000	1000
153	12900	57600	129000	1000
157	12900	57600	129000	1000
175	12900	57600	129000	1000
181	12900	57700	129000	1000
191	12900	57700	129000	1000
195	12900	57700	129000	1000
199	12900	57700	129000	1000
202	12800	57700	129000	1000
211	12700	57700	129000	1000
216	12700	57700	129000	1000
217	12700	57700	129000	1000
222	12600	57700	129000	1000
229	12600	57700	129000	1000
231	12600	57700	129000	1000
240	12500	57700	129000	1000
244	12400	57700	129000	1000
245	12400	57700	129000	1000
247	12400	57700	129000	1000
248	12400	57700	129000	1000
250	12300	57700	129000	1000
251	11800	57700	129000	1000
254	11800	57700	129000	1000
255	11800	57700	129000	1000
256	11700	57700	129000	1000
258	11200	57700	129000	1000
260	11200	57700	129000	1000
261	11100	57700	129000	1000
265	11000	57700	129000	1000
267	10200	51200	129000	1000
268	8560	47400	129000	1000
271	8560	46500	129000	1000
273	8550	46400	129000	1000
274	8430	45600	129000	1000
275	8350	45500	129000	1000
276	8290	44700	129000	1000
277	8280	44500	129000	1000
278	8250	43700	129000	1000
279	8230	43600	129000	1000
280	8150	42600	129000	1000
281	8120	41400	129000	1000
282	8090	40800	129000	1000
284	8070	39000	129000	1000
285	8060	38600	129000	1000
286	8060	38600	129000	1000
287	8050	38300	129000	1000
288	8050	37900	129000	1000
289	8050	37300	129000	1000
290	8050	37100	129000	1000
291	8040	36800	129000	1000
292	8030	35800	129000	1000
293	8020	35200	129000	1000
294	8020	34900	129000	1000
295	8020	34700	129000	1000
296	8020	34200	129000	1000
297	8010	34000	129000	1000
298	8010	33700	129000	1000
299	8000	33400	129000	1000
300	8000	33300	129000	1000
301	7990	32100	129000	1000
303	7980	31500	129000	1000
304	7980	31200	129000	1000
305	7980	31100	129000	1000
306	7960	30800	129000	1000
307	7960	30400	129000	1000
308	7950	30000	129000	1000
309	7950	30000	129000	1000
310	7920	29900	129000	1000
311	7920	29400	129000	1000
312	7920	29300	129000	1000
313	7920	28800	129000	1000
314	7920	28600	129000	1000
315	7920	27800	129000	1000
316	7910	27400	129000	1000
317	7900	27200	129000	1000
318	7880	27100	129000	1000
319	7880	26900	129000	1000
320	7880	26600	129000	1000
321	7870	26400	129000	1000
322	7870	26400	129000	1000
323	7860	26300	129000	1000
324	7860	26300	129000	1000
325	7860	25900	129000	1000
326	7840	25100	129000	1000
327	7820	24800	129000	1000
328	7820	24800	129000	1000
329	7820	24100	129000	1000
330	7800	23900	129000	1000
331	7800	23800	129000	1000
332	7790	23400	129000	1000
333	7790	23300	129000	1000
334	7780	23100	129000	1000
335	7770	22900	129000	1000
336	7770	22600	129000	1000
337	7760	22500	129000	1000
338	7760	22300	129000	1000
339	7760	22100	129000	1000
340	7760	21900	129000	1000
341	7760	21700	129000	1000
342	7750	21400	129000	1000
343	7750	21200	129000	1000
344	7740	21100	129000	1000
345	7740	20700	129000	1000
346	7730	20600	129000	1000
347	7720	20500	129000	1000
348	7720	20500	129000	1000
349	7720	20400	129000	1000
350	7720	20300	129000	1000
351	7720	20200	129000	1000
352	7720	19900	129000	1000
353	7700	19500	129000	1000
354	7700	19400	129000	1000
355	7690	19300	129000	1000
356	7670	19100	129000	1000
357	7660	18800	129000	1000
358	7640	18700	129000	1000
359	7640	18700	129000	1000
360	7640	18400	129000	1000
361	7640	18300	129000	1000
362	7640	18200	129000	1000
363	7640	18200	129000	1000
364	7640	17900	129000	1000
365	7640	17900	129000	1000
366	7640	17800	129000	1000
367	7640	17600	129000	1000
368	7640	17600	129000	1000
369	7640	17400	129000	1000
370	7640	17200	129000	1000
371	7640	17200	129000	1000
372	7640	17100	129000	1000
373	7640	16800	129000	1000
374	7640	16700	129000	1000
375	7640	16600	129000	1000
376	7630	16600	129000	1000
377	7630	16600	129000	1000
378	7630	16500	129000	1000
379	7630	16400	129000	1000
380	7610	16400	129000	1000
381	7610	16200	129000	1000
382	7590	16200	129000	1000
383	7590	16000	129000	1000
384	7580	15900	129000	1000
385	7580	15900	129000	1000
386	7530	15700	129000	1000
387	7490	15600	129000	1000
388	7460	15600	129000	1000
389	7460	15500	129000	1000
390	7460	15500	129000	1000
391	7460	15400	129000	1000
392	7440	15400	129000	1000
393	7440	15300	129000	1000
394	7440	15300	129000	1000
395	7380	15200	129000	1000
396	7380	15000	129000	1000
397	7380	14900	129000	1000
399	7380	14800	129000	1000
400	7360	14600	129000	1000
401	7330	14300	129000	1000
402	7330	14200	129000	1000
403	7330	14100	129000	1000
405	7290	13900	129000	1000
406	7230	13900	129000	1000
407	7200	13700	129000	1000
408	7170	13600	129000	1000
409	7170	13300	129000	1000
410	7170	13200	129000	1000
411	7170	13200	129000	1000
412	7160	13000	129000	1000
414	7150	13000	129000	1000
415	7150	12800	129000	1000
416	7150	12700	129000	1000
417	7150	12700	129000	1000
418	7150	12600	129000	1000
419	7150	12600	129000	1000
421	7150	12400	129000	1000
423	7120	12400	129000	1000
424	7120	12400	129000	1000
425	7090	11800	129000	1000
426	7080	11800	129000	1000
427	7080	11600	129000	1000
428	7070	11200	129000	1000
429	7070	11200	129000	1000
430	7070	11100	129000	1000
431	7070	11000	129000	1000
432	7070	10900	129000	1000
433	7070	10600	129000	1000
434	7040	9930	129000	1000
435	7040	9460	129000	1000
436	7040	9040	129000	1000
437	7000	8770	129000	1000
438	7000	8660	129000	1000
440	7000	8580	129000	1000
441	7000	8560	129000	1000
442	7000	8550	129000	1000
443	7000	8520	129000	1000
444	7000	8480	129000	1000
445	6950	8450	129000	1000
446	6940	8400	129000	1000
449	6940	8390	129000	1000
450	6940	8390	129000	1000
451	6940	8380	129000	1000
452	6800	8370	129000	1000
453	6800	8370	129000	1000
454	6800	8360	129000	1000
455	6740	8350	129000	1000
456	6720	8350	129000	1000
458	6720	8340	129000	1000
459	6720	8330	129000	1000
461	6720	8330	129000	1000
462	6720	8310	129000	1000
463	6720	8300	129000	1000
464	6720	8290	129000	1000
466	6720	8290	129000	1000
467	6690	8280	129000	1000
468	6690	8280	129000	1000
469	6690	8280	129000	1000
470	6690	8280	129000	1000
471	6690	8270	129000	1000
472	6690	8270	129000	1000
473	6690	8260	129000	1000
474	6690	8260	129000	1000
475	6690	8260	129000	1000
476	6690	8250	129000	1000
477	6690	8250	129000	1000
478	6590	8250	129000	1000
479	6590	8250	129000	1000
480	6580	8240	129000	1000
481	6580	8240	129000	1000
482	6550	8230	129000	1000
483	6420	8230	129000	1000
484	6420	8230	129000	1000
485	6300	8230	129000	1000
487	6300	8220	129000	1000
488	6300	8220	129000	1000
489	6250	8210	129000	1000
490	6240	8210	129000	1000
491	6150	8210	129000	1000
492	6050	8210	129000	1000
493	5470	8190	129000	1000
494	5470	8190	129000	1000
495	5470	8190	129000	1000
497	5460	8190	129000	1000
498	5460	8190	129000	1000
499	5460	8190	129000	1000
500	5460	8180	129000	1000
501	5460	8180	129000	1000
502	5390	8180	129000	1000
503	5180	8170	129000	1000
504	5180	8170	129000	1000
505	5180	8160	129000	1000
506	5090	8160	129000	1000
509	4970	8160	129000	1000
511	4860	8150	129000	1000
512	4640	8150	129000	1000
514	4620	8150	129000	1000
515	4610	8150	129000	1000
517	4590	8140	129000	1000
519	4590	8140	129000	1000
520	4590	8140	129000	1000
521	4610	8140	129000	1000
523	4480	8140	129000	1000
524	4590	8140	129000	1000
525	4590	8140	129000	1000
526	4590	8140	129000	1000
527	4480	8130	129000	1000
528	4440	8130	129000	1000
529	4440	8130	129000	1000
530	4440	8130	129000	1000
531	4620	8130	129000	1000
532	4620	8130	129000	1000
534	4620	8130	129000	1000
535	4640	8130	129000	1000
536	4620	8130	129000	1000
539	4620	8130	129000	1000
540	4590	8120	129000	1000
541	4490	8120	129000	1000
542	4490	8120	129000	1000
544	4490	8120	129000	1000
545	4590	8120	129000	1000
546	4590	8120	129000	1000
547	4590	8110	129000	1000
548	4590	8110	129000	1000
550	4590	8110	129000	1000
551	4590	8110	129000	1000
552	4590	8110	129000	1000
553	4610	8100	129000	1000
554	4490	8100	129000	1000
556	4480	8100	129000	1000
558	4490	8100	129000	1000
559	4490	8090	129000	1000
560	4490	8090	129000	1000
561	4440	8090	129000	1000
562	4440	8090	129000	1000
563	4490	8090	129000	1000
564	4490	8090	129000	1000
565	4490	8090	129000	1000
566	4490	8090	129000	1000
567	4490	8080	129000	1000
568	4480	8080	129000	1000
570	4380	8080	129000	1000
571	4380	8080	129000	1000
572	3800	8080	129000	1000
574	3960	8080	129000	1000
576	3960	8080	129000	1000
577	3610	8070	129000	1000
578	3610	8070	129000	1000
579	3960	8070	129000	1000
581	3960	8070	129000	1000
582	3800	8070	129000	1000
583	3960	8070	129000	1000
584	3960	8070	129000	1000
585	4380	8070	129000	1000
586	4380	8070	129000	1000
587	3960	8070	129000	1000
588	4440	8070	129000	1000
589	4380	8070	129000	1000
590	4380	8070	129000	1000
591	4440	8070	129000	1000
592	4440	8060	115000	1000
593	4380	8060	96900	1000
594	4440	8060	96900	1000
595	4480	8060	96900	1000
597	4440	8060	68700	1000
598	4440	8060	68000	1000
599	4380	8060	43700	1000
600	3960	8060	37700	1000
603	3800	8060	36800	1000
605	3800	8060	36700	1000
607	3610	8060	30300	1000
608	3800	8060	30300	1000
609	3960	8060	30300	1000
610	3800	8050	29900	1000
611	3800	8050	28600	1000
612	4380	8050	28600	1000
613	4440	8050	28600	1000
614	4380	8050	26600	1000
615	3960	8050	26500	1000
616	3610	8050	24100	1000
617	3570	8050	23800	1000
618	3610	8050	23800	1000
620	3570	8050	23800	1000
621	3610	8050	23800	1000
622	3570	8050	23100	1000
623	3010	8050	23000	1000
625	3010	8050	23000	1000
626	3010	8050	22700	1000
627	3010	8050	22700	1000
628	3010	8050	22700	1000
629	3010	8040	22700	1000
631	3010	8040	22700	1000
632	3570	8040	22700	1000
633	3610	8040	22700	1000
635	3800	8040	22700	1000
637	3960	8050	22700	1000
638	3960	8040	22700	1000
639	3960	8040	22500	1000
640	4440	8040	22500	1000
643	4480	8050	22500	1000
644	4480	8040	21900	1000
645	4490	8050	21900	1000
647	4590	8050	21900	1000
648	4490	8050	21800	1000
650	4490	8040	21800	1000
651	4590	8040	21800	1000
652	4490	8040	21600	1000
653	4590	8040	21600	1000
654	4610	8040	21600	1000
656	4610	8040	21600	1000
657	4610	8040	21600	1000
659	4610	8040	21600	1000
661	4590	8040	21400	1000
662	4590	8040	21400	1000
663	4590	8040	21400	1000
666	4610	8040	21400	1000
668	4620	8040	21400	1000
670	4620	8040	21400	1000
671	4620	8040	21400	1000
672	4620	8040	21400	1000
674	4640	8040	21400	1000
675	4640	8040	21400	1000
677	4640	8040	21400	1000
678	4860	8040	21400	1000
679	4860	8030	21200	1000
683	4900	8040	21200	1000
685	4900	8030	21200	1000
686	4970	8030	21200	1000
689	4970	8030	21200	1000
690	5090	8040	21200	1000
691	5090	8030	21200	1000
693	5180	8040	21200	1000
695	5250	8040	21200	1000
696	5250	8030	21200	1000
697	5250	8030	21200	1000
699	5250	8030	21200	1000
701	5250	8030	21100	1000
702	5250	8030	21100	1000
703	5250	8030	20600	1000
705	5250	8030	20600	1000
707	5250	8030	20600	1000
708	5250	8030	20400	1000
709	5250	8030	20400	1000
710	5270	8030	20400	1000
711	5390	8030	20400	1000
712	5400	8030	20400	1000
715	5400	8030	19900	1000
718	5400	8030	19900	1000
721	5400	8030	19400	1000
722	5400	8030	19200	1000
723	5400	8030	19200	1000
724	5400	8030	19200	1000
725	5400	8030	19200	1000
728	5400	8030	19200	1000
735	5440	8030	19200	1000
736	5440	8030	19200	1000
737	5440	8030	19100	1000
738	5460	8030	19100	1000
739	5460	8030	19100	1000
741	5460	8030	19100	1000
744	5460	8030	19100	1000
745	5460	8020	19100	1000
750	5460	8020	19100	1000
753	5460	8020	19100	1000
754	5460	8020	19100	1000
756	5460	8020	19100	1000
759	5460	8020	19100	1000
761	5460	8020	19100	1000
762	5460	8020	19100	1000
769	5460	8020	19100	1000
770	5460	8020	19100	1000
771	5460	8020	19100	1000
774	5460	8020	19100	1000
775	5460	8020	18900	1000
781	5460	8020	18700	1000
782	5460	8020	18200	1000
783	5470	8020	18200	1000
785	5470	8020	18200	1000
788	5470	8010	18200	1000
789	5470	8010	17900	1000
795	5470	8010	17900	1000
796	5470	8010	17900	1000
804	5470	8010	17900	1000
807	5470	8010	17900	1000
815	5470	8010	17900	1000
817	5470	8010	17700	1000
821	5470	8010	17700	1000
822	5470	8010	17700	1000
825	5470	8000	17700	1000
832	5570	8010	17700	1000
833	5570	8000	17700	1000
835	5570	8000	17700	1000
839	5570	8000	17600	1000
854	5570	8000	17600	1000
863	5570	8000	17600	1000
869	5570	8000	17600	1000
872	5470	8000	16300	1000
873	5570	8000	16300	1000
876	5570	8000	16200	1000
880	5600	8000	16200	1000
883	5600	8000	16000	1000
884	5740	8000	16000	1000
890	5740	8000	16000	1000
898	5740	8000	16000	1000
899	5740	8000	16000	1000
901	5740	8000	16000	1000
908	5870	8000	16000	1000
909	5870	8000	16000	1000
912	5870	8000	15900	1000
915	5870	8000	15900	1000
917	5870	8000	15800	1000
922	6050	8000	15700	1000
923	6150	8000	15700	1000
924	6150	8000	15700	1000
925	6150	8000	15700	1000
926	6150	8000	15500	1000
927	6150	8000	15500	1000
933	6200	8000	15500	1000
941	6200	8000	15400	1000
946	6200	8000	15400	1000
947	6200	8000	15400	1000
948	6200	8000	15400	1000
953	6250	8000	15400	1000
956	6300	8000	15400	1000
959	6300	8000	15400	1000
962	6300	8000	15300	1000
967	6300	8000	15300	1000
971	6300	8000	15300	1000
973	6300	8000	15300	1000
975	6300	8000	15200	1000
976	6300	8000	15200	1000
978	6300	8000	15200	1000
979	6300	8000	15200	1000
984	6300	8000	15000	1000
987	6300	8000	15000	1000
994	6300	7990	15000	1000
999	6300	7990	15000	1000
1000	6300	7990	14900	1000
1010	6300	7990	14300	1000
1020	6300	7990	14300	1000
1030	6300	7980	13700	1000
1040	6300	7980	13600	1000
1050	6300	7980	13600	1000
1060	6300	7980	13600	1000
1070	6300	7980	13300	1000
1080	6300	7980	13200	1000
1100	6300	7980	12900	1000
1110	6360	7980	12900	1000
1120	6420	7980	12800	1000
1140	6420	7980	12800	1000
1150	6420	7980	12800	1000
1160	6420	7980	12700	1000
1170	6430	7980	12700	1000
1180	6460	7980	12700	1000
1190	6460	7980	12700	1000
1200	6490	7980	12700	1000
1210	6490	7980	12600	1000
1220	6490	7980	12400	1000
1230	6460	7980	12300	1000
1250	6460	7980	12300	1000
1260	6490	7980	12300	1000
1270	6460	7980	11800	1000
1290	6490	7980	11800	1000
1300	6500	7980	11600	1000
1310	6500	7980	11200	1000
1330	6500	7980	11000	1000
1340	6490	7980	11000	1000
1350	6490	7970	10600	1000
1360	6490	7970	10600	1000
1390	6550	7970	10600	1000
1410	6560	7980	10600	1000
1420	6570	7980	10600	1000
1430	6570	7980	10600	1000
1440	6590	7980	10600	1000
1450	6590	7970	10300	1000
1460	6590	7970	10300	1000
1470	6620	7970	10300	1000
1520	6620	7970	10200	1000
1530	6620	7970	10100	1000
1540	6620	7970	10000	1000
1550	6590	7970	9860	1000
1560	6620	7970	9860	1000
1570	6650	7970	9860	1000
1650	6650	7970	9770	1000
1660	6700	7970	9770	1000
1690	6700	7970	9770	1000
1700	6620	7970	9700	1000
1720	6620	7970	9680	1000
1750	6700	7970	9680	1000
1760	6720	7970	9700	1000
1770	6700	7970	9700	1000
1780	6650	7970	9700	1000
1810	6650	7970	9700	1000
1830	6700	7970	9700	1000
1850	6720	7980	9700	1000
1870	6720	7970	9680	1000
1900	6720	7980	9700	1000
1940	6720	7980	9700	1000
1950	6740	7980	9700	1000
1960	6720	7980	9680	1000
1970	6740	7980	9680	1000
1980	6780	7980	9680	1000
2020	6800	7980	9680	1000
2040	6800	7980	9680	1000
2110	6780	7980	9680	1000
2120	6800	7980	9700	1000
2150	6820	7980	9720	1000
2180	6910	7980	9720	1000
2280	6910	7980	9720	1000
2320	6940	7980	9770	1000
2360	6910	7980	9720	1000
2420	6910	7980	9700	1000
2430	6910	7980	9700	1000
2450	6940	7980	9700	1000
2460	6910	7980	9680	1000
2480	6910	7980	9680	1000
2510	6940	7980	9700	1000
2550	6940	7980	9720	1000
2570	6940	7980	9700	1000
2590	6940	7980	9700	1000
2610	6940	7980	9700	1000
2620	6940	7980	9700	1000
2640	6940	7980	9700	1000
2650	6940	7980	9680	1000
2670	6940	7980	9700	1000
2690	6960	7980	9700	1000
2730	6960	7980	9700	1000
2760	6970	7980	9720	1000
2800	6960	7980	9720	1000
2830	6940	7980	9720	1000
2840	6960	7980	9720	1000
2850	6970	7980	9770	1000
2870	6960	7980	9770	1000
2910	6970	7980	9860	1000
2930	7000	7980	9860	1000
2950	7030	7980	9770	1000
2960	7030	7980	9770	1000
2970	7030	7980	9770	1000
2980	7030	7980	9770	1000
2990	7030	7980	9860	1000
3010	7030	7980	9860	1000
3050	7030	7990	9860	1000
3060	7030	7990	9860	1000
3090	7030	7990	9860	1000
3140	7030	7990	9860	1000
3150	7030	7990	9770	1000
3190	7040	7990	9770	1000
3210	7040	7990	9720	1000
3320	7070	7990	9720	1000
3410	7040	7990	9720	1000
3450	7070	7990	9720	1000
3460	7070	7990	9770	1000
3470	7070	7990	9770	1000
3500	7040	7990	9770	1000
3510	7030	7990	9770	1000
3540	7030	7990	9770	1000
3590	7030	7990	9770	1000
3620	7030	7990	9860	1000
3630	7040	7990	9870	1000
3660	7040	7990	9870	1000
3670	7040	7990	9870	1000
3700	7040	7990	9870	1000
3740	7030	7990	9870	1000
3870	7030	7990	9870	1000
3920	7020	7990	9870	1000
3960	6970	7990	9870	1000
3980	7020	7990	9970	1000
4040	7030	7990	10000	1000
4080	7020	7990	10000	1000
4090	7030	7990	10000	1000
4110	7020	7990	9970	1000
4130	7030	7990	9970	1000
4150	7030	7990	9970	1000
4200	7030	7990	9970	1000
4220	7030	7990	10000	1000
4240	7030	7990	10000	1000
4250	7030	7990	10000	1000
4260	7030	7990	10000	1000
4330	7040	7990	10000	1000
4390	7040	7990	10000	1000
4400	7040	8000	10000	1000
4490	7040	7990	9970	1000
4510	7040	8000	9970	1000
4520	7040	8000	9970	1000
4560	7040	8000	10000	1000
4590	7070	8000	10000	1000
4600	7090	8000	10100	1000
4690	7100	8000	10100	1000
4790	7110	8000	10100	1000
4870	7110	8000	10100	1000
4880	7110	8000	10100	1000
5070	7100	8000	10100	1000
5080	7110	8000	10100	1000
5110	7110	8000	10100	1000
5120	7120	8000	10100	1000
5260	7140	8000	10100	1000
5280	7140	8000	10100	1000
5290	7140	8000	10100	1000
5350	7140	8000	10300	1000
5370	7140	8000	10300	1000
5410	7140	8000	10300	1000
5420	7140	8000	10300	1000
5460	7160	8010	10300	1000
5500	7160	8010	10300	1000
5520	7160	8010	10300	1000
5530	7140	8010	10300	1000
5620	7140	8010	10300	1000
5670	7140	8010	10300	1000
5730	7140	8010	10300	1000
5740	7120	8010	10300	1000
5830	7120	8010	10300	1000
5850	7120	8000	10300	1000
5860	7120	8000	10300	1000
5890	7110	8000	10300	1000
5960	7110	8000	10300	1000
6020	7110	8000	10300	1000
6040	7110	8000	10400	1000
6050	7110	8000	10400	1000
6080	7100	8000	10300	1000
6100	7030	8000	10300	1000
6110	7030	8000	10300	1000
6170	7030	8000	10300	1000
6210	7030	8000	10300	1000
6240	7100	8000	10400	1000
6300	7110	8000	10400	1000
6310	7110	8000	10600	1000
6410	7110	8000	10600	1000
6460	7120	8000	10700	1000
6470	7120	8000	10700	1000
6530	7110	8000	10700	1000
6550	7120	8000	10700	1000
6600	7140	8000	10700	1000
6660	7140	8000	10700	1000
6680	7160	8000	10700	1000
6730	7160	8000	10700	1000
6740	7160	8000	10700	1000
6750	7170	8000	10700	1000
6760	7170	8000	10700	1000
6800	7170	8000	10700	1000
6840	7170	8000	10700	1000
6860	7170	8010	10700	1000
6890	7170	8010	10700	1000
6920	7170	8010	10700	1000
6940	7170	8010	10700	1000
6990	7170	8010	10800	1000
7000	7170	8010	10800	1000
7020	7170	8010	10800	1000
7060	7170	8010	10800	1000
7080	7170	8010	10800	1000
7120	7170	8020	10800	1000
7140	7170	8010	10700	1000
7160	7170	8020	10700	1000
7320	7170	8020	10700	1000
7440	7160	8020	10700	1000
7490	7140	8010	10700	1000
7530	7120	8010	10700	1000
7590	7140	8010	10700	1000
7720	7120	8010	10700	1000
7750	7120	8010	10700	1000
7810	7140	8010	10800	1000
7820	7140	8010	10800	1000
7890	7140	8010	10800	1000
7980	7140	8010	10800	1000
7990	7140	8010	10800	1000
8010	7140	8010	10800	1000
8030	7140	8010	10800	1000
8040	7160	8010	10900	1000
8060	7140	8010	10900	1000
8070	7160	8010	10900	1000
8220	7170	8010	10900	1000
8460	7160	8010	10900	1000
8590	7140	8010	10900	1000
8720	7140	8010	11000	1000
8820	7140	8010	11000	1000
8900	7140	8010	11100	1000
8940	7160	8010	11100	1000
8970	7170	8010	11200	1000
8980	7170	8010	11300	1000
9070	7170	8010	11300	1000
9150	7180	8010	11300	1000
9210	7180	8010	11500	1000
9240	7200	8010	11500	1000
9390	7200	8010	11600	1000
9400	7200	8020	11800	1000
9450	7200	8020	11800	1000
9470	7200	8020	12100	1000
9490	7200	8020	12300	1000
9510	7200	8020	12300	1000
9520	7200	8020	12300	1000
9530	7200	8020	12300	1000
9570	7180	8020	12300	1000
9600	7200	8020	12300	1000
9610	7200	8020	12300	1000
9640	7180	8020	12300	1000
9690	7180	8020	12300	1000
9780	7160	8020	12300	1000
9790	7160	8020	12300	1000
9800	7160	8020	12300	1000
9820	7160	8020	12300	1000
9850	7140	8020	12300	1000
9860	7140	8020	12300	1000
9870	7140	8020	12300	1000
9880	7030	8020	12300	1000
9890	7030	8020	12300	1000
9910	7030	8020	12300	1000
9940	7110	8020	12300	1000
9980	7030	8020	12300	1000
10000	7020	8020	12300	1000
10100	7020	8020	12300	1000
10200	6410	8020	12300	1000
10300	5810	8020	12300	1000
10400	5630	8010	12300	1000
10500	5560	8010	12300	1000
10700	5320	8010	12300	1000
10800	5260	8010	12300	1000
10900	5260	8010	12300	1000
11000	5040	8000	12300	1000
11100	5040	8000	12300	1000
11200	5100	8000	12300	1000
11300	5260	8010	12300	1000
11400	5100	8000	12300	1000
11600	5040	8000	12300	1000
11700	5100	8000	12300	1000
11800	5100	8000	12300	1000
11900	5100	8000	12100	1000
12000	5320	8010	12100	1000
12100	5630	8010	12100	1000
12200	5560	8010	11800	1000
12300	5630	8010	11800	1000
12400	5690	8010	11800	1000
12500	5690	8010	11800	1000
12600	5770	8010	11800	1000
12700	5830	8010	11800	1000
12800	6820	8020	11800	1000
12900	6900	8020	11800	1000
13000	7140	8020	11800	1000
13100	7140	8020	11800	1000
13200	7210	8020	11800	1000
13300	7220	8020	11800	1000
13400	7260	8030	11800	1000
13700	7280	8030	11800	1000
13800	7320	8030	11800	1000
13900	7360	8030	11800	1000
14000	7380	8030	11800	1000
14100	7400	8040	11800	1000
14200	7450	8040	11800	1000
14300	7460	8040	11800	1000
14400	7480	8040	11800	1000
14500	7500	8050	11800	1000
14600	7520	8050	11800	1000
14700	7520	8050	11800	1000
14800	7520	8060	11800	1000
14900	7520	8060	11800	1000
15000	7520	8070	11800	1000
15100	7520	8070	11800	1000
15200	7520	8070	11800	1000
15300	7520	8070	11800	1000
15400	7500	8070	11800	1000
15500	7500	8070	11800	1000
15600	7480	8070	11800	1000
15700	7470	8060	11800	1000
15800	7470	8060	11800	1000
15900	7470	8060	11800	1000
16000	7440	8060	11800	1000
16100	7440	8060	11800	1000
16200	7410	8050	11800	1000
16300	7400	8050	11800	1000
16400	7380	8050	11800	1000
16500	7380	8050	11800	1000
16600	7320	8050	11800	1000
16700	7300	8040	11800	1000
16800	7300	8040	11800	1000
16900	7260	8040	11800	1000
17000	7240	8040	11800	1000
17100	7160	8040	11800	1000
17200	7160	8030	11800	1000
17300	7100	8030	11800	1000
17500	7040	8030	11600	1000
17700	7040	8030	11300	1000
17800	7040	8030	11200	1000
17900	7030	8020	10800	1000
18000	7000	8020	10400	1000
18100	6950	8020	10300	1000
18200	6940	8020	10300	1000
18300	6890	8020	10200	1000
18400	6890	8020	10100	1000
18500	6860	8020	9730	1000
18600	6860	8020	9650	1000
18900	6830	8010	9590	1000
19200	6820	8010	9580	1000
19400	6820	8010	9580	1000
19500	6820	8010	9550	1000
19800	6790	8010	9520	1000
20000	6780	8010	9490	1000
20300	6730	8010	9480	1000
28600	6730	8010	9460	1000
28700	6670	8010	9460	999
28800	6670	8010	9460	998
29000	6670	8010	9460	997
29100	6670	8010	9460	995
29200	6730	8010	9460	993
29300	6730	8010	9460	989
29400	6730	8010	9460	988
29500	6730	8010	9460	983
29600	6730	8020	9460	980
29700	6780	8020	9460	974
29800	6790	8020	9460	963
29900	6820	8020	9480	953
30000	6820	8030	9480	942
30100	6820	8030	9460	927
30200	6820	8040	9490	902
30300	6820	8040	9490	883
30400	6860	8050	9520	853
30500	6860	8060	9530	826
30600	6860	8070	9550	795
30700	6860	8080	9550	764
30800	6860	8100	9580	722
30900	6860	8120	9590	680
31000	6820	8130	9590	637
31100	6860	8150	9600	596
31200	6860	8170	9650	548
31300	6940	8190	9690	503
